5.36565e-05
0.864957
0.0538703
0.0107881
0.000745469
0.00024287
0.0014685
0.00199117
0.00197357
0.0234297
0.000312781
0.00149796
0.0694829
0.000707991
0.0311476
0.0113063
0.0008755
0.011724
0.00880062
0.00075242
0.000161543
0.0185953
0.19519
0.0603543
0.375836
0.0243924
0.321654
0.000964311
0.0477407
4.94883e-05
2.66414e-05
0.0030451
0.0017826
0.00165113
0.000323859
0.000863632
0.179097
0.00183085
0.00139571
0.018781
0.00862879
0.00137837
0.00125309
0.204767
0.0315195
6.66696e-05
0.0277533
0.000287875
0.0228334
0.00134824
0.021564
0.0300532
0.123357
0.341191
0.00088979
0.00311935
0.00050774
0.00583206
1.15905e-05
0.506864
0.00320222
9.63089e-05
0.000912734
0.00199324
0.505364
0.100411
0.000283876
0.0848301
0.00425413
0.24739
0.00109439
0.00256951
0.000182193
0.804027
0.0339132
0.0509945
0.000101116
0.577543
0.00408867
0.000618104
0.746279
0.00810457
0.000185286
0.00129149
0.00034219
2.36717e-05
0.000442837
0.00100395
0.000607834
0.000140892
0.00031765
4.77891e-05
0.190624
0.000499855
7.39072e-05
2.03744e-05
0.096451
0.00129577
0.0143032
0.000337392
0.0686985
0.00010998
0.000280987
0.000384963
0.00258796
0.03741
0.993657
0.000169571
0.000359765
0.00494124
0.000273024
0.000207647
0.00157824
0.000498623
0.0681019
3.62747e-05
0.000173802
0.0412495
0.00628641
0.043399
0.730329
1.57775e-05
0.0331398
0.0591312
0.000954679
0.00311759
0.000134989
0.00037341
0.00110629
0.000868857
0.000198632
0.015342
0.00120859
2.06388e-05
0.00149718
0.000590677
0.000155761
0.00024061
0.0341402
0.000695426
0.00192522
0.00780118
0.265262
0.0154772
7.91076e-05
0.000357766
0.00499821
0.00181433
0.000116425
0.000318227
0.318793
0.00134542
3.24418e-05
0.00162931
0.00780795
0.00032539
0.171862
0.000632872
0.00147481
0.00136146
0.000159382
0.0123685
0.119714
0.00277379
0.00942094
0.00164708
0.00234701
0.000439173
0.0428653
0.00318433
0.000356152
0.000692581
4.93818e-05
8.2877e-05
0.00132302
0.00727352
0.000786423
0.00203489
0.452786
0.256152
0.000154167
0.865061
0.0525283
0.000417144
0.233585
0.163839
0.0526126
0.0389188
0.00300247
0.00259546
0.000493568
6.06366e-05
0.0250956
0.00416026
0.00164109
0.000738483
0.596045
0.00103806
0.00033538
0.000324827
0.0321143
0.00104051
0.00961859
0.0451269
0.0064601
0.000102592
9.39944e-05
0.00244857
0.18056
6.80647e-05
0.00127431
0.000261159
0.000572871
0.0439726
0.00268402
0.197745
0.000599844
0.000691959
0.221351
0.0119159
0.0287209
0.0116925
0.481201
0.000160613
0.0118859
0.00144465
0.000405824
0.000534566
0.000214926
0.0012433
0.00264179
0.0987044
0.000156631
0.000102973
0.00272938
0.00642011
0.000743501
0.00352459
0.0157914
0.229453
0.134489
0.0682193
0.412928
9.22306e-05
0.000297339
0.00050353
0.0396711
0.000564352
0.00467708
0.000107669
0.10527
0.00180825
0.00821693
0.00224075
0.000802435
0.000291165
0.00447647
0.00026552
0.00471952
0.000490675
0.0252011
0.00204877
0.0208567
0.00187037
0.00170574
0.00102002
0.000206089
0.000284717
0.00121809
0.000402464
0.0189935
0.000352444
0.0779668
4.94406e-05
0.00512165
0.00394221
0.00045861
0.000130835
0.000188169
0.00487915
0.000473501
0.00496258
0.0044436
0.00420509
0.000947408
0.0117611
0.00920283
0.00775407
0.220581
0.000319319
8.55494e-05
0.00210343
0.000469734
0.183703
0.000324578
0.007335
0.0161058
7.58801e-05
7.93488e-05
0.00281164
0.00813921
0.22602
0.0117261
0.00762923
0.00446517
0.243785
0.0315421
0.0255103
0.0567084
0.00025255
0.000180826
0.0387136
3.75404e-05
0.0113363
0.178438
0.000414152
0.00188241
0.000130603
0.0140241
0.000222868
0.00284933
0.0627316
0.311189
0.000249509
0.0199633
0.0012938
0.240649
0.000696812
0.000129708
0.00237612
0.00490339
0.00637348
0.000133104
0.00168098
0.00273574
0.00149161
0.0561119
0.0100279
0.000993154
9.39583e-05
0.0164558
0.000353336
0.000664011
0.272667
0.00570969
0.00131238
0.00472681
0.0227
0.00904535
0.119488
0.600851
0.000535341
0.000181353
0.000750533
0.00133019
0.00202615
0.0483826
9.29517e-05
0.000657673
0.000182729
0.00211621
0.14536
0.418385
0.000160146
0.00768698
0.00261763
6.05648e-05
0.000478012
0.0369064
0.0056451
0.000955444
0.0070594
0.133173
0.0180009
0.148459
0.479675
0.000670921
0.00761721
0.00301719
0.000433248
0.000199941
0.000109808
0.00271408
9.7174e-05
0.00127194
0.0178581
0.00124552
0.00252227
0.0335213
0.0309278
0.00440568
0.857784
0.873088
0.0584598
0.00200126
0.102739
0.0101319
0.21061
0.000792928
0.00151948
0.0830625
0.000500392
0.0508948
0.00269374
0.00522484
0.162621
0.000118845
0.333866
0.00455672
0.00190466
0.00015518
0.0079504
0.00108301
0.00288796
0.0194119
0.00284886
0.000232279
0.000652896
